-455.0 0.09900990099009901 7.318114942970255E-6 0.05010438413361169 3.382721505735863
-455.0 0.05010438413361169 5.932602166660089E-6 0.05010438413361169 7.479353352574546
-479.0 0.004158004158004158 6.103001491257283E-6 0.0 7.2854776078155234
-455.0 0.052083333333333336 6.868774553433794E-6 0.05010438413361169 4.046762883415422
-479.0 0.0020833333333333333 6.183202315209519E-6 0.0 5.2242456226433776
-455.0 0.1366223908918406 7.495328435015172E-6 0.05010438413361169 2.975655192386784
-455.0 0.1007905138339921 6.405929659773011E-6 0.05010438413361169 4.453385564650705
-455.0 0.05010438413361169 7.23104050776787E-6 0.05010438413361169 4.453183071112232
-455.0 0.09542743538767395 6.4924486903271725E-6 0.05010438413361169 3.3903464243489734
-455.0 0.052083333333333336 5.789160624619378E-6 0.05010438413361169 4.868597036491924
-479.0 0.0 6.417008230231039E-6 0.0 6.0509659035784775
-479.0 0.0 6.007554955227624E-6 0.0 8.108976155375679
-479.0 0.004158004158004158 7.371651759022453E-6 0.0 4.825177236036083
-479.0 0.0 6.218576499559923E-6 0.0 7.697811882286615
-455.0 0.13988657844990549 7.007954551232494E-6 0.05010438413361169 2.090039699438212
-455.0 0.13825757575757575 6.046538530725819E-6 0.05010438413361169 4.270370528669802
