-431.0 0.10020876826722339 2.730967019757006E-6 0.10020876826722339 1.4954911766310015
-479.0 0.0 3.310404258074404E-6 0.0 1.700505717104826
-429.0 0.2513089005235602 3.045963268052055E-6 0.09873949579831932 0.8500332414533761
-431.0 0.10395010395010396 2.4503439571300197E-6 0.10020876826722339 1.4457485525876
-431.0 0.10208333333333333 2.3606157216282376E-6 0.10020876826722339 1.6556512029907589
-431.0 0.10208333333333333 2.0992221980519634E-6 0.10020876826722339 1.7030505048726334
-479.0 0.0 3.674481974820148E-6 0.0 1.6290391904433619
-431.0 0.18679245283018867 3.6021213376423898E-6 0.10020876826722339 0.8936996809872939
-431.0 0.18216318785578747 2.7673937336220987E-6 0.10020876826722339 1.0619160637335108
-431.0 0.18371212121212122 3.953200407205343E-6 0.10020876826722339 0.9145501801947299
-431.0 0.25043478260869567 2.6620446020792026E-6 0.10020876826722339 1.0179222048044272
-431.0 0.18216318785578747 2.228339968751327E-6 0.10020876826722339 1.1879560096739028
-431.0 0.2530329289428076 2.953717493624647E-6 0.10020876826722339 0.8734217802688645
-431.0 0.2517361111111111 2.6747157125949486E-6 0.10020876826722339 0.9422010142370231
-431.0 0.25043478260869567 2.9566489019240346E-6 0.10020876826722339 0.9149947174296916
-431.0 0.2517361111111111 3.5820186205016438E-6 0.10020876826722339 0.8140211621761454
-431.0 0.18216318785578747 2.1912171629806444E-6 0.10020876826722339 1.2006858728544172
-431.0 0.10208333333333333 2.543232768867365E-6 0.10020876826722339 1.4893575138380848
-431.0 0.2517361111111111 1.932130837628875E-6 0.10020876826722339 1.0399049755407943
-479.0 0.0020833333333333333 2.3717370099696765E-6 0.0 1.6825947945607138
-431.0 0.2530329289428076 2.543316552921728E-6 0.10020876826722339 0.964429889446668
-431.0 0.10020876826722339 2.4696381390781227E-6 0.10020876826722339 1.6553063639177503
-431.0 0.18216318785578747 2.859427245152837E-6 0.10020876826722339 1.001601606991408
-431.0 0.18216318785578747 2.5068769328763422E-6 0.10020876826722339 1.1053204386088562
-478.0 0.004166666666666667 3.2167502289607375E-6 0.0 1.6482804230137316
-479.0 0.0 2.5561869244859993E-6 0.0 1.7539598849816644
-479.0 0.0 3.3240107556014578E-6 0.0 1.6552511206215836
-431.0 0.25043478260869567 2.970099453811728E-6 0.10020876826722339 0.836362562224238
-431.0 0.2517361111111111 1.7465553408770875E-6 0.10020876826722339 1.1686190758971022
-431.0 0.18525519848771266 2.2866672382716884E-6 0.10020876826722339 1.0210410480793575
-431.0 0.18371212121212122 2.8424513171992846E-6 0.10020876826722339 0.9485726053957458
-431.0 0.10020876826722339 2.8022349935513903E-6 0.10020876826722339 1.317571796900338
-431.0 0.18216318785578747 1.955160523820904E-6 0.10020876826722339 1.293141860614143
-431.0 0.10208333333333333 2.6561221019958675E-6 0.10020876826722339 1.4858896927955578
-430.0 0.18250950570342206 4.6545067592385996E-6 0.100418410041841 0.9927054801526245
-479.0 0.0 4.877046499618068E-6 0.0 1.627396953512523
