-838.0 0.24504504504504504 3.5574545282431396E-6 0.12526096033402923 1.5813924882201773
-431.0 0.31587301587301586 5.242876611095308E-6 0.10020876826722339 1.9048157252417275
-431.0 0.25945017182130586 5.680318984115203E-6 0.10020876826722339 2.2944817249424574
-431.0 0.31587301587301586 5.431584960214906E-6 0.10020876826722339 1.8978851370263734
-431.0 0.2607204116638079 5.647854154669759E-6 0.10020876826722339 2.288129814468151
-431.0 0.25945017182130586 5.229582731238939E-6 0.10020876826722339 2.3281916117850785
-431.0 0.31695721077654515 6.518860571980795E-6 0.09832635983263599 2.253154708508528
-790.0 0.317199654278306 3.6373707357307306E-6 0.17536534446764093 1.5573227084407517
-431.0 0.3180379746835443 5.396205090661384E-6 0.10020876826722339 1.8967287812823357
-431.0 0.25945017182130586 5.482729671400197E-6 0.10020876826722339 2.2949399469894756
-431.0 0.25945017182130586 6.750136827714406E-6 0.10020876826722339 2.2887277826895693
-431.0 0.31695721077654515 5.286886846307952E-6 0.10020876826722339 1.8989225573041948
-431.0 0.31587301587301586 6.096643676288032E-6 0.10020876826722339 1.890616637498016
-431.0 0.31587301587301586 5.6570896780009085E-6 0.10020876826722339 1.8961558059458028
-431.0 0.31695721077654515 6.011511296420588E-6 0.10020876826722339 1.8940821663616911
