-431.0 0.31695721077654515 7.390928874668922E-6 0.10020876826722339 1.9234619076861108
-862.0 0.22272317403065825 5.152680332965907E-6 0.10020876826722339 2.0963885911549704
-431.0 0.31587301587301586 7.323882941938994E-6 0.10020876826722339 1.9256563557533894
-455.0 0.2195540308747856 7.366824239879328E-6 0.05010438413361169 2.626408754477413
-790.0 0.2882882882882883 4.362121267173696E-6 0.17536534446764093 2.133684005062888
-407.0 0.3006872852233677 7.185738700578624E-6 0.15031315240083507 2.035662946777578
-479.0 0.1783876500857633 6.600459217227457E-6 0.0 3.6686610559087316
-862.0 0.22342342342342342 4.479764347708107E-6 0.10020876826722339 2.4190440180503314
-431.0 0.31587301587301586 7.5436785913239234E-6 0.10020876826722339 1.9135262067985923
-431.0 0.3180379746835443 7.312267360465915E-6 0.10020876826722339 1.9231137480148193
-431.0 0.3180379746835443 7.12664874647856E-6 0.10020876826722339 1.924265914776061
-431.0 0.31587301587301586 7.293668766431735E-6 0.10020876826722339 1.934554057150217
